0 0.552866 0.825428 0.103755 0.241107
0 0.654644 0.646245 0.151186 0.133070
0 0.664526 0.769433 0.113636 0.105402
0 0.787055 0.672596 0.072134 0.122530
0 0.768775 0.494730 0.094862 0.096179
0 0.747530 0.882740 0.072134 0.071146
0 0.623024 0.945323 0.058300 0.109354
0 0.763834 0.247036 0.084980 0.088274
0 0.483202 0.051383 0.094862 0.102766
0 0.356225 0.192358 0.076087 0.150198
0 0.271245 0.108037 0.078063 0.110672
0 0.264328 0.273386 0.089921 0.127800
0 0.191206 0.266140 0.072134 0.092227
0 0.141304 0.289855 0.047431 0.050066
0 0.165020 0.163373 0.071146 0.073781
0 0.155138 0.805665 0.069170 0.083004
0 0.269763 0.866930 0.088933 0.102767
0 0.345850 0.895257 0.069170 0.093544
0 0.079051 0.269433 0.065217 0.072464