0 0.596838 0.526350 0.136364 0.122530
0 0.680830 0.482213 0.073123 0.150198
0 0.772233 0.494071 0.097826 0.108037
0 0.767787 0.275362 0.090909 0.081686
0 0.779644 0.700922 0.084980 0.108037
0 0.644269 0.745718 0.096838 0.139657
0 0.749012 0.882082 0.073123 0.059289
0 0.625000 0.926219 0.082016 0.079051
0 0.344862 0.880105 0.071146 0.076416
0 0.279644 0.868906 0.065217 0.098814
0 0.158597 0.801713 0.076087 0.085639
0 0.587451 0.071805 0.085968 0.114625
0 0.492095 0.057971 0.088933 0.115942
0 0.360178 0.197628 0.068182 0.142292
0 0.265810 0.265481 0.092885 0.098814
0 0.194664 0.268116 0.071146 0.096179
0 0.139328 0.298419 0.065217 0.061924