0 0.587607 0.072472 0.083333 0.113960
0 0.483440 0.054754 0.073718 0.109508
0 0.264245 0.121617 0.083333 0.092593
0 0.266916 0.259793 0.090812 0.115385
0 0.347044 0.216346 0.080128 0.108262
0 0.172365 0.164352 0.083333 0.078348
0 0.186254 0.261930 0.068376 0.099715
0 0.147792 0.295406 0.072650 0.055556
0 0.120014 0.598113 0.072650 0.065527
0 0.212963 0.700677 0.096154 0.074074
0 0.153134 0.804428 0.061966 0.086895
0 0.265313 0.843602 0.076923 0.074074
0 0.353989 0.887761 0.079060 0.085470
0 0.628561 0.931921 0.081197 0.074074
0 0.747685 0.879214 0.071581 0.062678
0 0.780805 0.701151 0.086538 0.102564
0 0.642984 0.742462 0.099359 0.122507
0 0.670762 0.501721 0.097222 0.125356
0 0.774929 0.486052 0.091880 0.128205
0 0.773326 0.280924 0.090812 0.088319