0 0.351779 0.199605 0.088933 0.138340
0 0.487648 0.054018 0.093874 0.108036
0 0.765316 0.231884 0.076087 0.108037
0 0.768775 0.486825 0.088933 0.117260
0 0.782609 0.680501 0.079051 0.127800
0 0.641798 0.725955 0.151186 0.155468
0 0.622530 0.945982 0.069170 0.100132
0 0.745553 0.880764 0.070158 0.075099
0 0.541502 0.910408 0.084980 0.179183
0 0.347332 0.895257 0.070158 0.088274
0 0.274209 0.859025 0.072134 0.092227
0 0.158103 0.807642 0.073123 0.084321
0 0.259387 0.279974 0.087945 0.122530
0 0.269763 0.108037 0.079051 0.110672
0 0.166008 0.164690 0.073123 0.076416
0 0.191700 0.264822 0.065217 0.089592
0 0.141798 0.290514 0.056324 0.064559