0 0.764822 0.250329 0.081028 0.089592
0 0.768281 0.485507 0.091897 0.117260
0 0.666008 0.499341 0.090909 0.108037
0 0.590909 0.076416 0.081028 0.121212
0 0.490119 0.052042 0.090909 0.104084
0 0.345356 0.206851 0.076087 0.131752
0 0.271245 0.106719 0.078063 0.110672
0 0.262846 0.254282 0.088933 0.073781
0 0.193182 0.263505 0.070158 0.092227
0 0.147233 0.294466 0.067194 0.059289
0 0.165020 0.156126 0.065217 0.069829
0 0.499012 0.849802 0.106719 0.295125
0 0.644269 0.746377 0.094862 0.143610
0 0.780632 0.699605 0.079051 0.105402
0 0.744565 0.878788 0.078063 0.065876
0 0.625000 0.951910 0.078063 0.096179
0 0.345356 0.875494 0.074111 0.080369
0 0.271739 0.853755 0.075099 0.076416
0 0.158103 0.806324 0.073123 0.081686