0 0.588933 0.078393 0.086957 0.130435
0 0.488636 0.052042 0.093874 0.104084
0 0.769269 0.277339 0.093874 0.093544
0 0.770257 0.494071 0.097826 0.113307
0 0.667490 0.499341 0.101779 0.108037
0 0.781126 0.700264 0.083992 0.106719
0 0.648221 0.749012 0.100791 0.143610
0 0.750988 0.872859 0.067194 0.077734
0 0.629447 0.925560 0.075099 0.080369
0 0.471838 0.817523 0.127470 0.270092
0 0.344368 0.875494 0.072134 0.083004
0 0.277668 0.870224 0.073123 0.106719
0 0.155632 0.803689 0.074111 0.079051
0 0.216403 0.681159 0.104743 0.115942
0 0.346344 0.203557 0.078063 0.135705
0 0.275692 0.108696 0.071146 0.117260
0 0.163043 0.161397 0.061265 0.075099
0 0.258893 0.269433 0.084980 0.104084
0 0.195158 0.258893 0.060277 0.096179
0 0.146245 0.298419 0.079051 0.059289