0 0.589427 0.078393 0.083992 0.122530
0 0.494565 0.057971 0.087945 0.115942
0 0.766798 0.274045 0.092885 0.084321
0 0.769269 0.498024 0.101779 0.097497
0 0.675395 0.478261 0.107708 0.147563
0 0.781126 0.704875 0.083992 0.110672
0 0.644763 0.754941 0.097826 0.144928
0 0.630435 0.926219 0.079051 0.079051
0 0.748518 0.881423 0.076087 0.057971
0 0.529644 0.913043 0.084980 0.173913
0 0.354743 0.195652 0.075099 0.143610
0 0.261364 0.273386 0.099802 0.101449
0 0.196146 0.267457 0.068182 0.094862
0 0.170455 0.166008 0.078063 0.084321
0 0.141798 0.295125 0.066206 0.050066
0 0.154150 0.803689 0.073123 0.073781
0 0.275692 0.868906 0.073123 0.096179
0 0.344862 0.881423 0.067194 0.086957