0 0.590415 0.073123 0.080040 0.111989
0 0.769269 0.275362 0.083992 0.084321
0 0.767292 0.491436 0.089921 0.118577
0 0.670949 0.498024 0.104743 0.108037
0 0.780632 0.700922 0.075099 0.102767
0 0.651680 0.743742 0.089921 0.133070
0 0.569664 0.740448 0.107708 0.197628
0 0.624012 0.952569 0.078063 0.094862
0 0.745553 0.882082 0.072134 0.061924
0 0.344862 0.876153 0.075099 0.081686
0 0.273221 0.866930 0.068182 0.100132
0 0.161067 0.810935 0.075099 0.083004
0 0.482213 0.049407 0.084980 0.098814
0 0.344862 0.202240 0.081028 0.127800
0 0.271245 0.106061 0.074111 0.109354
0 0.160573 0.162714 0.062253 0.077734
0 0.258893 0.271410 0.088933 0.100132
0 0.194664 0.273386 0.055336 0.090909
0 0.141798 0.291831 0.052372 0.064559