0 0.767787 0.271410 0.086957 0.089592
0 0.766304 0.484848 0.095850 0.113307
0 0.633399 0.731884 0.136364 0.164690
0 0.535079 0.848485 0.093874 0.274045
0 0.779644 0.702240 0.077075 0.110672
0 0.749012 0.874835 0.069170 0.076416
0 0.621047 0.949934 0.064229 0.100132
0 0.344368 0.879447 0.074111 0.083004
0 0.277174 0.868248 0.064229 0.108037
0 0.154150 0.803689 0.065217 0.081686
0 0.220356 0.649539 0.081028 0.050066
0 0.481225 0.055336 0.079051 0.110672
0 0.339921 0.214097 0.094862 0.109354
0 0.260375 0.274704 0.078063 0.098814
0 0.201581 0.274704 0.061265 0.093544
0 0.144269 0.280632 0.061265 0.057971
0 0.162549 0.159420 0.060277 0.073781
0 0.272233 0.102108 0.074111 0.104084