0 0.562253 0.766140 0.106719 0.249012
0 0.651680 0.743742 0.091897 0.135705
0 0.782115 0.700264 0.083992 0.106719
0 0.746542 0.880764 0.076087 0.059289
0 0.628953 0.928195 0.083992 0.080369
0 0.769269 0.274045 0.085968 0.086957
0 0.770751 0.498682 0.096838 0.096179
0 0.672925 0.480237 0.108696 0.151515
0 0.588933 0.073123 0.084980 0.117260
0 0.492095 0.052701 0.088933 0.105402
0 0.363142 0.197628 0.068182 0.139657
0 0.267292 0.278656 0.087945 0.125165
0 0.195652 0.270092 0.059289 0.089592
0 0.146245 0.300395 0.067194 0.055336
0 0.166502 0.164690 0.070158 0.073781
0 0.156126 0.801713 0.079051 0.075099
0 0.277174 0.860343 0.072134 0.097497
0 0.343874 0.873518 0.077075 0.076416