0 0.592023 0.081766 0.075214 0.141311
0 0.485185 0.071652 0.083761 0.143304
0 0.266053 0.128643 0.084155 0.117467
0 0.348893 0.213675 0.076266 0.136752
0 0.264081 0.255753 0.088100 0.112207
0 0.147710 0.293447 0.084155 0.057857
0 0.194390 0.234714 0.067061 0.066623
0 0.165461 0.162831 0.077581 0.070129
0 0.217401 0.690262 0.102564 0.085908
0 0.155599 0.798086 0.078895 0.073636
0 0.250274 0.820878 0.110454 0.140259
0 0.345606 0.868215 0.074951 0.108700
0 0.772080 0.284097 0.093360 0.106947
0 0.776682 0.483965 0.092045 0.124480
0 0.674775 0.480459 0.088100 0.159544
0 0.647819 0.752210 0.097304 0.145518
0 0.781942 0.699613 0.076266 0.117467
0 0.630068 0.926656 0.080210 0.087662
0 0.747754 0.875813 0.081525 0.077142