0 0.481719 0.054018 0.082016 0.108036
0 0.767292 0.271410 0.085968 0.086957
0 0.764822 0.486825 0.102767 0.114625
0 0.626482 0.730567 0.138340 0.167325
0 0.537549 0.840580 0.094862 0.266140
0 0.780632 0.700922 0.077075 0.110672
0 0.750988 0.872859 0.065217 0.075099
0 0.625000 0.948617 0.085968 0.102766
0 0.337945 0.215415 0.094862 0.111989
0 0.271739 0.104743 0.077075 0.109354
0 0.163538 0.164690 0.060277 0.079051
0 0.255929 0.272727 0.081028 0.105402
0 0.196146 0.277339 0.060277 0.096179
0 0.144269 0.283926 0.061265 0.064559
0 0.156621 0.801054 0.072134 0.084321
0 0.278162 0.867589 0.068182 0.104084
0 0.348320 0.880764 0.078063 0.085639
0 0.216403 0.650856 0.092885 0.044796