0 0.640415 0.758988 0.091575 0.162800
0 0.781441 0.698752 0.085470 0.107448
0 0.750916 0.863180 0.068376 0.091168
0 0.630647 0.925858 0.086691 0.076516
0 0.772283 0.483042 0.096459 0.128612
0 0.671551 0.490368 0.092796 0.113960
0 0.769841 0.276557 0.086691 0.091168
0 0.592796 0.078755 0.074481 0.131868
0 0.345950 0.223647 0.080586 0.112332
0 0.483923 0.059320 0.073260 0.118640
0 0.267806 0.117013 0.085470 0.120472
0 0.264143 0.261091 0.083028 0.118844
0 0.195157 0.259463 0.072039 0.092796
0 0.146317 0.296907 0.072039 0.060236
0 0.114571 0.591575 0.062271 0.056980
0 0.212251 0.701194 0.094017 0.076516
0 0.156695 0.804572 0.073260 0.078144
0 0.270248 0.844458 0.070818 0.066748
0 0.344729 0.873762 0.073260 0.076516
0 0.164672 0.163058 0.071795 0.072934