0 0.770560 0.280152 0.087749 0.101804
0 0.770560 0.483001 0.092308 0.124596
0 0.673124 0.475404 0.111681 0.145869
0 0.780247 0.702564 0.079772 0.113960
0 0.752327 0.884141 0.078632 0.054701
0 0.644634 0.753466 0.104843 0.145869
0 0.631529 0.929725 0.080912 0.075973
0 0.599810 0.069706 0.059259 0.109402
0 0.520608 0.109212 0.110541 0.215764
0 0.338841 0.226211 0.088889 0.097246
0 0.260209 0.121368 0.086610 0.088129
0 0.260779 0.256600 0.074074 0.127635
0 0.195821 0.252802 0.074074 0.095726
0 0.147958 0.296106 0.071795 0.054701
0 0.156505 0.802596 0.061538 0.085090
0 0.273314 0.861095 0.064957 0.095726
0 0.343970 0.875530 0.071795 0.075973
0 0.169231 0.164957 0.078632 0.079772
0 0.486166 0.055995 0.067194 0.111989