0 0.158103 0.804348 0.075099 0.080369
0 0.272233 0.870883 0.066206 0.105402
0 0.345356 0.896574 0.070158 0.085639
0 0.588439 0.590909 0.127470 0.143610
0 0.709980 0.657444 0.113636 0.144928
0 0.654150 0.738472 0.114625 0.114625
0 0.791502 0.672596 0.065217 0.133070
0 0.769763 0.264163 0.092885 0.077734
0 0.768281 0.503294 0.107708 0.086957
0 0.745059 0.884717 0.075099 0.067194
0 0.620059 0.949934 0.070158 0.100132
0 0.490119 0.049407 0.084980 0.098814
0 0.363636 0.192358 0.065217 0.152833
0 0.271245 0.104084 0.080040 0.105402
0 0.255929 0.277997 0.079051 0.129117
0 0.195158 0.264163 0.068182 0.083004
0 0.138340 0.286561 0.051383 0.056653
0 0.126482 0.210145 0.061265 0.072464
0 0.165514 0.155468 0.062253 0.071146