0 0.156621 0.806324 0.068182 0.089592
0 0.277174 0.866271 0.070158 0.101449
0 0.350791 0.916996 0.071146 0.123847
0 0.532609 0.886034 0.096838 0.227931
0 0.633399 0.735837 0.124506 0.175231
0 0.782609 0.698287 0.077075 0.100132
0 0.745553 0.880105 0.076087 0.071146
0 0.619071 0.945323 0.064229 0.106719
0 0.765810 0.488801 0.098814 0.108037
0 0.764328 0.235178 0.074111 0.104084
0 0.488142 0.055995 0.094862 0.111989
0 0.345850 0.202899 0.088933 0.123847
0 0.271245 0.107378 0.080040 0.111989
0 0.265810 0.256258 0.081028 0.083004
0 0.199111 0.260870 0.070158 0.092227
0 0.143281 0.287879 0.063241 0.061924
0 0.169960 0.159420 0.069170 0.079051