0 0.522233 0.911067 0.103755 0.177866
0 0.628458 0.951910 0.086957 0.096179
0 0.749012 0.878129 0.081028 0.069829
0 0.780138 0.702899 0.080040 0.114625
0 0.647233 0.747694 0.096838 0.143610
0 0.665514 0.497365 0.099802 0.114625
0 0.771739 0.484848 0.094862 0.118577
0 0.591403 0.070487 0.083992 0.117260
0 0.485178 0.050066 0.088933 0.100132
0 0.345356 0.202899 0.080040 0.131752
0 0.273715 0.104743 0.079051 0.109354
0 0.166996 0.158103 0.063241 0.073781
0 0.261858 0.272727 0.094862 0.102767
0 0.193676 0.274704 0.065217 0.090909
0 0.143775 0.287220 0.054348 0.063241
0 0.343379 0.877470 0.074111 0.084321
0 0.271739 0.864954 0.073123 0.104084
0 0.158597 0.804348 0.076087 0.083004
0 0.767292 0.276021 0.085968 0.088274