0 0.654150 0.145586 0.122530 0.191041
0 0.589427 0.078393 0.076087 0.106719
0 0.482213 0.054018 0.083004 0.108036
0 0.767292 0.272069 0.083992 0.088274
0 0.768775 0.486825 0.092885 0.114625
0 0.669960 0.494730 0.102767 0.106719
0 0.779150 0.700264 0.078063 0.101449
0 0.646739 0.747694 0.099802 0.146245
0 0.744565 0.880764 0.070158 0.069829
0 0.624012 0.949934 0.080040 0.100132
0 0.340909 0.871542 0.077075 0.077734
0 0.274209 0.862319 0.066206 0.096179
0 0.162055 0.810935 0.075099 0.085639
0 0.351285 0.198946 0.070158 0.139657
0 0.271739 0.104743 0.077075 0.106719
0 0.160573 0.162714 0.060277 0.072464
0 0.257905 0.274045 0.092885 0.097497
0 0.195652 0.279315 0.059289 0.081686
0 0.143281 0.287220 0.053360 0.065876