0 0.628110 0.931497 0.080912 0.068376
0 0.747768 0.888952 0.080912 0.053181
0 0.780247 0.699019 0.079772 0.104843
0 0.649193 0.747642 0.102564 0.141311
0 0.771700 0.284204 0.085470 0.098765
0 0.771700 0.482494 0.092308 0.121557
0 0.675973 0.477176 0.103704 0.147388
0 0.605318 0.071225 0.049003 0.106363
0 0.539791 0.118424 0.125356 0.236847
0 0.487939 0.055366 0.064957 0.110731
0 0.259829 0.121368 0.084330 0.075973
0 0.343020 0.227730 0.084330 0.091168
0 0.255271 0.261159 0.079772 0.124596
0 0.169231 0.159354 0.083191 0.072934
0 0.199430 0.249763 0.075214 0.089649
0 0.143020 0.299145 0.064957 0.054701
0 0.160079 0.806983 0.073123 0.080369
0 0.275198 0.863636 0.070158 0.090909
0 0.344368 0.873518 0.072134 0.076416