0 0.357708 0.199605 0.071146 0.140975
0 0.491601 0.057971 0.089921 0.115942
0 0.588439 0.074440 0.087945 0.122530
0 0.768281 0.275362 0.087945 0.084321
0 0.768775 0.499341 0.106719 0.097497
0 0.667490 0.478920 0.097826 0.151515
0 0.780632 0.702240 0.084980 0.115942
0 0.746542 0.874177 0.078063 0.080369
0 0.628458 0.930830 0.075099 0.069829
0 0.647727 0.749671 0.099802 0.147563
0 0.557312 0.796443 0.100791 0.246377
0 0.345850 0.882740 0.071146 0.084321
0 0.276186 0.868248 0.066206 0.100132
0 0.153656 0.803030 0.076087 0.075099
0 0.263834 0.266140 0.094862 0.100132
0 0.191206 0.269433 0.068182 0.101449
0 0.165020 0.162714 0.073123 0.072464