0 0.156621 0.803689 0.074111 0.079051
0 0.267787 0.858366 0.079051 0.085639
0 0.345356 0.871542 0.070158 0.077734
0 0.497036 0.811594 0.084980 0.223979
0 0.640316 0.752306 0.102767 0.152833
0 0.782115 0.706851 0.082016 0.117260
0 0.745553 0.880105 0.076087 0.063241
0 0.625000 0.953887 0.076087 0.092226
0 0.670455 0.500000 0.103755 0.109354
0 0.770751 0.484848 0.094862 0.113307
0 0.764822 0.268116 0.088933 0.088274
0 0.587945 0.074440 0.086957 0.117260
0 0.493083 0.058630 0.086957 0.117260
0 0.344862 0.204875 0.081028 0.127800
0 0.262352 0.275362 0.074111 0.118577
0 0.196640 0.258893 0.069170 0.098814
0 0.145257 0.289196 0.059289 0.059289
0 0.166008 0.154809 0.063241 0.067194
0 0.271739 0.105402 0.081028 0.108037