0 0.766798 0.270092 0.084980 0.084321
0 0.772233 0.484190 0.085968 0.114625
0 0.673419 0.496706 0.107708 0.110672
0 0.780632 0.702240 0.079051 0.105402
0 0.645257 0.745718 0.102767 0.137022
0 0.533597 0.852437 0.098814 0.226614
0 0.625000 0.948617 0.078063 0.102766
0 0.744565 0.882740 0.080040 0.063241
0 0.344368 0.875494 0.070158 0.083004
0 0.271245 0.866271 0.068182 0.101449
0 0.157115 0.810277 0.071146 0.081686
0 0.590415 0.071146 0.083992 0.115942
0 0.482213 0.050066 0.084980 0.100132
0 0.345850 0.201581 0.081028 0.137022
0 0.273221 0.108037 0.078063 0.115942
0 0.165020 0.160738 0.061265 0.079051
0 0.260870 0.272069 0.088933 0.104084
0 0.193676 0.276021 0.059289 0.090909
0 0.148221 0.288538 0.057312 0.065876