0 0.768281 0.276021 0.087945 0.088274
0 0.769763 0.500000 0.100791 0.101449
0 0.670455 0.481555 0.099802 0.146245
0 0.779644 0.702240 0.084980 0.110672
0 0.645751 0.750329 0.097826 0.140975
0 0.748024 0.882082 0.075099 0.059289
0 0.633893 0.925560 0.082016 0.077734
0 0.350791 0.890646 0.075099 0.097497
0 0.275198 0.864295 0.068182 0.094862
0 0.156621 0.806324 0.070158 0.081686
0 0.215415 0.700264 0.100791 0.080369
0 0.602767 0.206192 0.112648 0.233202
0 0.587945 0.068511 0.088933 0.113307
0 0.492589 0.054018 0.085968 0.108036
0 0.357213 0.190382 0.070158 0.143610
0 0.258893 0.266798 0.079051 0.085639
0 0.190711 0.268775 0.067194 0.100132
0 0.164032 0.156785 0.065217 0.079051
0 0.138834 0.299078 0.056324 0.060606