0 0.764822 0.237154 0.073123 0.108037
0 0.770257 0.484190 0.089921 0.111989
0 0.781621 0.696970 0.077075 0.108037
0 0.744071 0.880105 0.075099 0.073781
0 0.633893 0.733860 0.125494 0.171278
0 0.619565 0.954545 0.065217 0.090909
0 0.529150 0.885375 0.097826 0.229249
0 0.276186 0.870224 0.080040 0.104084
0 0.345850 0.903821 0.073123 0.113307
0 0.154644 0.806983 0.066206 0.080369
0 0.348814 0.204216 0.086957 0.131752
0 0.491107 0.056653 0.088933 0.113306
0 0.270257 0.108696 0.080040 0.109354
0 0.266798 0.254941 0.075099 0.083004
0 0.199111 0.260870 0.068182 0.089592
0 0.144269 0.287879 0.063241 0.067194
0 0.166008 0.163373 0.065217 0.081686