0 0.157115 0.805665 0.071146 0.085639
0 0.223814 0.640316 0.093874 0.065876
0 0.279150 0.870224 0.070158 0.104084
0 0.347826 0.881423 0.069170 0.081686
0 0.519269 0.863636 0.089921 0.272727
0 0.628953 0.731884 0.133399 0.169960
0 0.778656 0.698946 0.081028 0.109354
0 0.745059 0.877470 0.079051 0.068511
0 0.617589 0.948617 0.067194 0.102766
0 0.768775 0.486166 0.094862 0.118577
0 0.766798 0.272069 0.083004 0.085639
0 0.481719 0.054677 0.078063 0.109354
0 0.347826 0.198946 0.075099 0.150198
0 0.267292 0.249012 0.066206 0.131752
0 0.199111 0.255599 0.076087 0.118577
0 0.142292 0.281950 0.059289 0.055336
0 0.165020 0.158103 0.065217 0.071146
0 0.273715 0.104084 0.081028 0.110672