0 0.769763 0.275362 0.083004 0.086957
0 0.771245 0.498682 0.103755 0.085639
0 0.669466 0.493412 0.099802 0.106719
0 0.589921 0.075758 0.081028 0.127800
0 0.483696 0.051383 0.083992 0.102766
0 0.345850 0.198946 0.083004 0.131752
0 0.272727 0.104743 0.081028 0.109354
0 0.258893 0.270751 0.086957 0.104084
0 0.166996 0.157444 0.071146 0.075099
0 0.191206 0.276021 0.066206 0.083004
0 0.136858 0.283926 0.040514 0.059289
0 0.646739 0.746377 0.097826 0.138340
0 0.782609 0.698946 0.083004 0.101449
0 0.748024 0.879447 0.075099 0.067194
0 0.625494 0.947958 0.083004 0.104084
0 0.501482 0.842556 0.119565 0.235837
0 0.344862 0.878129 0.071146 0.080369
0 0.261364 0.837945 0.091897 0.052701
0 0.161561 0.803689 0.080040 0.086957