0 0.480731 0.059289 0.087945 0.118577
0 0.367095 0.185771 0.089921 0.166008
0 0.269269 0.240448 0.082016 0.090909
0 0.199111 0.269433 0.062253 0.083004
0 0.138834 0.274704 0.058300 0.048748
0 0.164032 0.157444 0.063241 0.077734
0 0.272233 0.106719 0.080040 0.113307
0 0.570652 0.262187 0.103755 0.245059
0 0.769269 0.274045 0.080040 0.089592
0 0.767292 0.486825 0.095850 0.106719
0 0.780138 0.703557 0.080040 0.113307
0 0.624506 0.742424 0.126482 0.185771
0 0.705534 0.755599 0.049407 0.080369
0 0.751976 0.876153 0.069170 0.076416
0 0.619071 0.947958 0.062253 0.101449
0 0.343874 0.871542 0.073123 0.075099
0 0.274704 0.869565 0.061265 0.102767
0 0.158103 0.803030 0.073123 0.085639