0 0.768010 0.272487 0.087912 0.089540
0 0.776557 0.484127 0.090354 0.122100
0 0.675214 0.491453 0.092796 0.126984
0 0.779609 0.699023 0.086691 0.109076
0 0.754579 0.869963 0.070818 0.083028
0 0.628205 0.923687 0.084249 0.079772
0 0.641026 0.756003 0.092796 0.144892
0 0.352666 0.893569 0.079365 0.097680
0 0.267196 0.838217 0.072039 0.078144
0 0.160358 0.806471 0.075702 0.089540
0 0.110297 0.590761 0.053724 0.087912
0 0.266585 0.113757 0.083028 0.110704
0 0.484534 0.055250 0.076923 0.110500
0 0.593814 0.073871 0.073260 0.125356
0 0.263533 0.262719 0.096459 0.122100
0 0.349613 0.217135 0.073260 0.112332
0 0.190273 0.253765 0.064713 0.087912
0 0.146317 0.297721 0.067155 0.052096
0 0.168946 0.166477 0.076923 0.075214