0 0.771673 0.279813 0.090354 0.094424
0 0.775946 0.481685 0.096459 0.126984
0 0.673993 0.495523 0.105006 0.115588
0 0.778999 0.699023 0.080586 0.105820
0 0.641026 0.755189 0.092796 0.146520
0 0.753968 0.870777 0.067155 0.084656
0 0.631868 0.929385 0.084249 0.078144
0 0.588930 0.076313 0.073260 0.130240
0 0.485144 0.060948 0.070818 0.121896
0 0.345950 0.221205 0.080586 0.120472
0 0.266585 0.112129 0.078144 0.097680
0 0.164021 0.161783 0.068376 0.070004
0 0.265364 0.258649 0.078144 0.136752
0 0.196988 0.261905 0.070818 0.097680
0 0.138380 0.294465 0.056166 0.065120
0 0.109687 0.584792 0.057387 0.068376
0 0.148759 0.804572 0.059829 0.084656
0 0.269027 0.864808 0.063492 0.091168
0 0.345950 0.877832 0.065934 0.081400