0 0.369071 0.198946 0.078063 0.131752
0 0.485672 0.051383 0.091897 0.102766
0 0.270257 0.100791 0.070158 0.098814
0 0.267292 0.262846 0.080040 0.088274
0 0.201581 0.266798 0.073123 0.080369
0 0.141304 0.281291 0.059289 0.067194
0 0.163538 0.157444 0.058300 0.075099
0 0.583498 0.374177 0.109684 0.189723
0 0.767787 0.268116 0.084980 0.083004
0 0.771245 0.485507 0.095850 0.117260
0 0.779644 0.703557 0.081028 0.110672
0 0.628953 0.729249 0.139328 0.159420
0 0.747036 0.884058 0.075099 0.057971
0 0.617589 0.949275 0.069170 0.101449
0 0.344862 0.868248 0.073123 0.068511
0 0.270751 0.861001 0.069170 0.101449
0 0.160573 0.807642 0.072134 0.086957