0 0.770765 0.289356 0.088100 0.106947
0 0.774710 0.486595 0.101249 0.126233
0 0.670173 0.504127 0.089415 0.126233
0 0.779312 0.702243 0.081525 0.115713
0 0.642560 0.753086 0.097304 0.147272
0 0.754328 0.868800 0.068376 0.077142
0 0.630725 0.928410 0.084155 0.077142
0 0.484330 0.062130 0.078895 0.124260
0 0.592154 0.077800 0.073636 0.138505
0 0.347578 0.223318 0.078895 0.117467
0 0.264738 0.117247 0.078895 0.105194
0 0.261451 0.259259 0.077581 0.129739
0 0.197019 0.255753 0.072321 0.084155
0 0.145080 0.296954 0.068376 0.057857
0 0.164146 0.165461 0.074951 0.078895
0 0.108920 0.585361 0.053912 0.080649
0 0.152312 0.805099 0.064431 0.080649
0 0.273285 0.861202 0.069691 0.094675
0 0.346263 0.874352 0.073636 0.078895