0 0.767292 0.274045 0.093874 0.086957
0 0.768281 0.486825 0.099802 0.119895
0 0.668478 0.492754 0.103755 0.123847
0 0.779150 0.700264 0.082016 0.106719
0 0.654150 0.744401 0.114625 0.131752
0 0.744565 0.882740 0.080040 0.060606
0 0.628953 0.927536 0.085968 0.079051
0 0.492589 0.838603 0.068182 0.299078
0 0.344368 0.877470 0.074111 0.076416
0 0.277174 0.867589 0.070158 0.096179
0 0.214921 0.696311 0.103755 0.088274
0 0.158597 0.807642 0.076087 0.076416
0 0.591403 0.075099 0.082016 0.126482
0 0.488636 0.057312 0.093874 0.114624
0 0.345356 0.205534 0.082016 0.134387
0 0.272233 0.103426 0.078063 0.106719
0 0.262352 0.276021 0.072134 0.119895
0 0.189229 0.259552 0.080040 0.086957
0 0.141304 0.294466 0.059289 0.064559
0 0.166996 0.158762 0.067194 0.067194