0 0.589427 0.069170 0.082016 0.111989
0 0.489130 0.052701 0.092885 0.105402
0 0.767292 0.266140 0.087945 0.071146
0 0.766304 0.491436 0.099802 0.113307
0 0.665020 0.500000 0.098814 0.109354
0 0.779644 0.699605 0.081028 0.110672
0 0.748024 0.877470 0.073123 0.068511
0 0.646245 0.749012 0.100791 0.140975
0 0.625000 0.951252 0.080040 0.097496
0 0.490613 0.843874 0.093874 0.246377
0 0.344862 0.200264 0.081028 0.129117
0 0.258893 0.268775 0.086957 0.094862
0 0.198617 0.263505 0.051383 0.097497
0 0.139328 0.279974 0.053360 0.059289
0 0.162549 0.162055 0.062253 0.076416
0 0.272233 0.104743 0.078063 0.114625
0 0.155632 0.803689 0.072134 0.086957
0 0.269269 0.835968 0.087945 0.059289
0 0.345850 0.874835 0.071146 0.076416