0 0.769231 0.281441 0.090354 0.097680
0 0.774115 0.484941 0.092796 0.120472
0 0.666667 0.497965 0.105006 0.113960
0 0.782051 0.704721 0.079365 0.104192
0 0.646520 0.755189 0.096459 0.143264
0 0.746032 0.881359 0.073260 0.063492
0 0.627595 0.926129 0.085470 0.084656
0 0.591372 0.077941 0.073260 0.133496
0 0.487586 0.060948 0.080586 0.121896
0 0.345950 0.215507 0.075702 0.125356
0 0.266585 0.118641 0.078144 0.123728
0 0.263533 0.261091 0.084249 0.122100
0 0.195157 0.257021 0.064713 0.094424
0 0.141433 0.296907 0.062271 0.060236
0 0.164632 0.164225 0.067155 0.078144
0 0.104803 0.665378 0.074481 0.086284
0 0.214082 0.708520 0.100122 0.058608
0 0.154253 0.803758 0.073260 0.079772
0 0.270248 0.863180 0.063492 0.097680
0 0.348392 0.876204 0.075702 0.081400