0 0.575593 0.243742 0.109684 0.218709
0 0.768281 0.274704 0.085968 0.085639
0 0.775198 0.491436 0.087945 0.126482
0 0.684289 0.500659 0.103755 0.189723
0 0.780138 0.702240 0.076087 0.110672
0 0.746047 0.885375 0.079051 0.060606
0 0.626976 0.947958 0.085968 0.104084
0 0.641798 0.711462 0.105731 0.126482
0 0.351285 0.201581 0.074111 0.139657
0 0.484684 0.056653 0.082016 0.113306
0 0.590909 0.065876 0.073123 0.126482
0 0.262352 0.269433 0.085968 0.098814
0 0.196146 0.274704 0.058300 0.093544
0 0.142292 0.286561 0.051383 0.061924
0 0.268775 0.108696 0.077075 0.117260
0 0.166996 0.160738 0.073123 0.084321
0 0.345850 0.878788 0.071146 0.086957
0 0.278162 0.872200 0.064229 0.113307
0 0.163538 0.806983 0.076087 0.096179
0 0.219368 0.647563 0.102767 0.056653