0 0.484330 0.072650 0.078632 0.141311
0 0.586040 0.084046 0.080342 0.136752
0 0.348814 0.213960 0.077075 0.109402
0 0.259390 0.236752 0.080034 0.109402
0 0.774929 0.271872 0.085470 0.098421
0 0.774929 0.490883 0.071795 0.139031
0 0.668091 0.503419 0.097436 0.136752
0 0.783476 0.697151 0.082051 0.095726
0 0.746724 0.878348 0.066667 0.052422
0 0.642450 0.745014 0.097436 0.127635
0 0.623647 0.933048 0.076923 0.061538
0 0.351852 0.880627 0.083761 0.084330
0 0.259544 0.831624 0.066667 0.059259
0 0.220228 0.674359 0.090598 0.104843
0 0.266770 0.116248 0.082362 0.087024
0 0.181689 0.229172 0.083139 0.105672
0 0.118752 0.599542 0.070707 0.052836
0 0.153328 0.802253 0.063714 0.077700
0 0.145138 0.300690 0.076838 0.055926
0 0.166851 0.157686 0.070856 0.062407