0 0.592023 0.068471 0.071795 0.107123
0 0.570655 0.229155 0.094017 0.250712
0 0.771510 0.279297 0.095726 0.086610
0 0.771510 0.482146 0.092308 0.123077
0 0.674074 0.481007 0.112821 0.143590
0 0.779202 0.706648 0.083761 0.120798
0 0.646724 0.752232 0.105983 0.148148
0 0.627920 0.931149 0.078632 0.077493
0 0.750142 0.887844 0.087179 0.054701
0 0.338177 0.228015 0.100855 0.111681
0 0.262108 0.124311 0.092308 0.086610
0 0.190146 0.248534 0.061874 0.103234
0 0.252707 0.261064 0.063248 0.109402
0 0.149656 0.297469 0.077426 0.056310
0 0.155187 0.808726 0.056310 0.093850
0 0.266298 0.862354 0.063348 0.088487
0 0.344729 0.872409 0.071393 0.087146
0 0.483381 0.058761 0.082621 0.117521
0 0.167521 0.158120 0.078632 0.075214