0 0.577075 0.395916 0.096838 0.193676
0 0.364625 0.193017 0.073123 0.140975
0 0.588933 0.073781 0.081028 0.118577
0 0.495553 0.054018 0.085968 0.108036
0 0.768775 0.273386 0.090909 0.077734
0 0.769269 0.491436 0.097826 0.113307
0 0.672925 0.480237 0.106719 0.143610
0 0.780632 0.705534 0.081028 0.117260
0 0.747036 0.880764 0.071146 0.054018
0 0.645257 0.750988 0.098814 0.147563
0 0.628953 0.928854 0.078063 0.073781
0 0.260870 0.281291 0.079051 0.119895
0 0.195652 0.268116 0.065217 0.093544
0 0.141304 0.300395 0.059289 0.050066
0 0.166008 0.166008 0.065217 0.073781
0 0.217885 0.681159 0.103755 0.118577
0 0.155632 0.803689 0.076087 0.081686
0 0.272233 0.865613 0.072134 0.102767
0 0.343874 0.876812 0.069170 0.080369