0 0.373024 0.189065 0.083992 0.151515
0 0.487648 0.050725 0.093874 0.101449
0 0.270751 0.104743 0.079051 0.101449
0 0.263340 0.268116 0.066206 0.098814
0 0.199111 0.270092 0.066206 0.081686
0 0.135870 0.279974 0.054348 0.059289
0 0.160573 0.157444 0.054348 0.072464
0 0.156621 0.806983 0.072134 0.085639
0 0.269269 0.868248 0.066206 0.097497
0 0.345850 0.879447 0.069170 0.075099
0 0.578063 0.575758 0.114625 0.102767
0 0.630435 0.724638 0.142292 0.202899
0 0.781621 0.698946 0.077075 0.096179
0 0.743577 0.888011 0.074111 0.052701
0 0.619071 0.952569 0.070158 0.094862
0 0.769763 0.486166 0.098814 0.108037
0 0.765316 0.258893 0.085968 0.077734