0 0.772080 0.276207 0.093360 0.091168
0 0.774052 0.489225 0.097304 0.134999
0 0.673460 0.493608 0.114398 0.119220
0 0.780627 0.701366 0.081525 0.106947
0 0.645190 0.750457 0.097304 0.149025
0 0.747754 0.868800 0.076266 0.087662
0 0.629410 0.926949 0.081525 0.078895
0 0.153627 0.805099 0.072321 0.087662
0 0.267368 0.840164 0.065746 0.087662
0 0.352838 0.896267 0.084155 0.094675
0 0.208854 0.712178 0.088100 0.049091
0 0.112864 0.582438 0.064431 0.084155
0 0.346921 0.224195 0.077581 0.115713
0 0.272628 0.109358 0.076266 0.113960
0 0.263423 0.262766 0.084155 0.119220
0 0.189787 0.260136 0.057857 0.106947
0 0.142450 0.297830 0.068376 0.066623
0 0.484988 0.061254 0.072321 0.122507
0 0.591497 0.072540 0.069691 0.124480
0 0.166382 0.165337 0.078632 0.082051