0 0.586895 0.082146 0.071795 0.129915
0 0.589459 0.576733 0.121368 0.180057
0 0.770452 0.281983 0.095238 0.094424
0 0.774115 0.482228 0.090354 0.123728
0 0.677656 0.483856 0.092796 0.162800
0 0.779609 0.702008 0.081807 0.110704
0 0.647131 0.748406 0.100122 0.148148
0 0.751526 0.887600 0.076923 0.055352
0 0.630037 0.929114 0.080586 0.083028
0 0.346764 0.874576 0.070818 0.087912
0 0.270452 0.861552 0.064713 0.094424
0 0.156695 0.805386 0.063492 0.089540
0 0.343508 0.213065 0.080586 0.117216
0 0.261091 0.125153 0.084249 0.087912
0 0.160358 0.160969 0.061050 0.071632
0 0.259870 0.260277 0.079365 0.120472
0 0.193936 0.249695 0.067155 0.092796
0 0.145706 0.297721 0.065934 0.052096
0 0.482906 0.064815 0.083761 0.129630