0 0.559783 0.162714 0.087945 0.233202
0 0.768281 0.269433 0.085968 0.080369
0 0.480237 0.056653 0.073123 0.113306
0 0.368083 0.202240 0.080040 0.125165
0 0.266304 0.263505 0.091897 0.073781
0 0.195652 0.270092 0.067194 0.079051
0 0.136858 0.276680 0.052372 0.047431
0 0.162055 0.156785 0.061265 0.068511
0 0.274209 0.104084 0.082016 0.105402
0 0.153162 0.805665 0.067194 0.088274
0 0.274704 0.869565 0.073123 0.102767
0 0.347826 0.874835 0.067194 0.079051
0 0.619071 0.739789 0.127470 0.180501
0 0.701581 0.762846 0.047431 0.076416
0 0.778162 0.698946 0.082016 0.101449
0 0.743577 0.877470 0.074111 0.073781
0 0.619565 0.949275 0.063241 0.101449