0 0.772737 0.273870 0.089415 0.098181
0 0.775367 0.486011 0.094675 0.129739
0 0.670173 0.500037 0.099934 0.115713
0 0.780627 0.699905 0.084155 0.108700
0 0.747754 0.876982 0.076266 0.073636
0 0.643875 0.748119 0.094675 0.134999
0 0.631383 0.922566 0.077581 0.094675
0 0.353495 0.881365 0.080210 0.078895
0 0.268025 0.841040 0.080210 0.075389
0 0.154942 0.803346 0.069691 0.084155
0 0.112207 0.598218 0.060487 0.063116
0 0.588209 0.071663 0.086785 0.105194
0 0.483016 0.056870 0.076266 0.113740
0 0.344948 0.212799 0.084155 0.106947
0 0.268683 0.105851 0.078895 0.106947
0 0.261451 0.257506 0.074951 0.112207
0 0.196362 0.257506 0.065746 0.091168
0 0.145537 0.295228 0.065527 0.053181
0 0.167236 0.164957 0.073504 0.075214