0 0.211957 0.652833 0.097826 0.048748
0 0.157609 0.810277 0.072134 0.079051
0 0.279150 0.868248 0.068182 0.110672
0 0.348814 0.886034 0.075099 0.098814
0 0.629447 0.708169 0.112648 0.119895
0 0.779150 0.702899 0.080040 0.119895
0 0.748024 0.880764 0.081028 0.067194
0 0.624506 0.948617 0.084980 0.102766
0 0.678854 0.533597 0.124506 0.152833
0 0.769269 0.492754 0.091897 0.118577
0 0.582510 0.514493 0.105731 0.106719
0 0.524704 0.113307 0.094862 0.226614
0 0.476285 0.051383 0.061265 0.102766
0 0.347332 0.198287 0.078063 0.138340
0 0.273715 0.108696 0.081028 0.109354
0 0.162549 0.158762 0.062253 0.077734
0 0.262352 0.272069 0.093874 0.104084
0 0.194170 0.275362 0.058300 0.089592
0 0.142292 0.282609 0.045455 0.064559