0 0.708004 0.136364 0.089921 0.177866
0 0.581522 0.066535 0.091897 0.114625
0 0.482708 0.054018 0.078063 0.108036
0 0.767292 0.274045 0.087945 0.079051
0 0.771245 0.485507 0.085968 0.111989
0 0.670949 0.512516 0.108696 0.100132
0 0.778162 0.704216 0.076087 0.114625
0 0.746047 0.878788 0.077075 0.060606
0 0.625000 0.949934 0.085968 0.100132
0 0.646739 0.704875 0.111660 0.139657
0 0.349802 0.202240 0.073123 0.140975
0 0.271739 0.106061 0.079051 0.109354
0 0.165020 0.162714 0.057312 0.075099
0 0.258893 0.276021 0.088933 0.106719
0 0.198617 0.282609 0.063241 0.085639
0 0.142787 0.289855 0.052372 0.065876
0 0.156126 0.807642 0.065217 0.086957
0 0.277668 0.864954 0.079051 0.088274
0 0.347826 0.872200 0.077075 0.079051