0 0.587494 0.073624 0.082771 0.106763
0 0.484480 0.055031 0.081871 0.103164
0 0.269006 0.122807 0.086370 0.106763
0 0.345029 0.216974 0.072874 0.100765
0 0.263158 0.239766 0.087269 0.083971
0 0.775529 0.274554 0.084570 0.095966
0 0.776428 0.486280 0.082771 0.121158
0 0.662618 0.500675 0.085470 0.123557
0 0.785875 0.701604 0.074674 0.107962
0 0.644175 0.753786 0.086370 0.133153
0 0.750337 0.875544 0.059379 0.059979
0 0.630229 0.921128 0.081871 0.086370
0 0.219073 0.679612 0.080072 0.103164
0 0.119658 0.600440 0.071975 0.055181
0 0.157445 0.806168 0.079172 0.085170
0 0.259109 0.838557 0.062978 0.070775
0 0.349528 0.880542 0.076473 0.089969
0 0.163743 0.162593 0.062978 0.076773
0 0.199933 0.251885 0.049271 0.099212
0 0.141109 0.298810 0.058321 0.058991