0 0.590182 0.426401 0.117028 0.185843
0 0.667105 0.481628 0.086785 0.159544
0 0.773614 0.483381 0.094675 0.120973
0 0.769669 0.283512 0.086785 0.096428
0 0.781503 0.701658 0.081525 0.112207
0 0.645409 0.751625 0.106509 0.149025
0 0.746000 0.873475 0.076266 0.077142
0 0.629630 0.927825 0.080210 0.080649
0 0.344948 0.877858 0.073636 0.085908
0 0.271970 0.863832 0.069691 0.099934
0 0.155599 0.803346 0.076266 0.073636
0 0.334429 0.229454 0.097304 0.098181
0 0.258163 0.254000 0.063116 0.119220
0 0.165461 0.153189 0.077581 0.061363
0 0.200307 0.246987 0.057857 0.105194
0 0.142450 0.292571 0.065746 0.056103
0 0.260793 0.119001 0.084155 0.080649
0 0.488275 0.052487 0.076266 0.104974
0 0.593469 0.075170 0.076266 0.119220