0 0.470356 0.119236 0.071146 0.220026
0 0.587945 0.070487 0.084980 0.125165
0 0.769763 0.276021 0.086957 0.088274
0 0.768775 0.500659 0.100791 0.100132
0 0.676383 0.485507 0.101779 0.159420
0 0.780138 0.708169 0.082016 0.114625
0 0.747530 0.874835 0.074111 0.068511
0 0.646245 0.753623 0.102767 0.147563
0 0.629447 0.928195 0.081028 0.077734
0 0.366601 0.183794 0.075099 0.164690
0 0.210474 0.121212 0.102767 0.089592
0 0.166502 0.163373 0.072134 0.071146
0 0.257411 0.279315 0.085968 0.129117
0 0.191206 0.270092 0.072134 0.092227
0 0.141304 0.300395 0.061265 0.068511
0 0.154150 0.799736 0.077075 0.073781
0 0.272727 0.863636 0.071146 0.093544
0 0.344368 0.872200 0.076087 0.079051