0 0.595035 0.395944 0.119658 0.211640
0 0.770859 0.280355 0.090354 0.097680
0 0.774522 0.483856 0.090354 0.120472
0 0.681726 0.476530 0.102564 0.141636
0 0.780627 0.703636 0.080586 0.110704
0 0.644485 0.754104 0.101343 0.146520
0 0.753765 0.871320 0.061050 0.087912
0 0.631665 0.926672 0.080586 0.081400
0 0.592593 0.075499 0.075702 0.122100
0 0.487586 0.057692 0.070818 0.115384
0 0.334961 0.231787 0.105006 0.089540
0 0.253154 0.260277 0.065934 0.140008
0 0.261701 0.113757 0.087912 0.081400
0 0.162800 0.156899 0.065934 0.070004
0 0.148148 0.296907 0.075702 0.053724
0 0.192104 0.256207 0.070818 0.102564
0 0.149980 0.803758 0.064713 0.073260
0 0.272690 0.855040 0.065934 0.078144
0 0.346561 0.876204 0.074481 0.084656