0 0.214921 0.685112 0.099802 0.113307
0 0.153656 0.803689 0.070158 0.076416
0 0.272233 0.861001 0.072134 0.088274
0 0.343874 0.875494 0.069170 0.080369
0 0.539526 0.924901 0.079051 0.150198
0 0.629941 0.930830 0.076087 0.075099
0 0.749012 0.882740 0.071146 0.060606
0 0.777668 0.706192 0.083004 0.113307
0 0.646739 0.757576 0.097826 0.139657
0 0.770257 0.277997 0.089921 0.100132
0 0.772727 0.486166 0.088933 0.126482
0 0.673419 0.477602 0.101779 0.148880
0 0.591897 0.074440 0.073123 0.125165
0 0.488142 0.052042 0.098814 0.104084
0 0.165020 0.164032 0.067194 0.083004
0 0.263834 0.111989 0.084980 0.081686
0 0.340415 0.214097 0.095850 0.111989
0 0.265316 0.270751 0.093874 0.133070
0 0.194170 0.262846 0.066206 0.083004
0 0.141304 0.301054 0.059289 0.061924