0 0.768775 0.275362 0.094862 0.094862
0 0.766304 0.488142 0.099802 0.114625
0 0.667984 0.495389 0.104743 0.105402
0 0.779150 0.702899 0.083992 0.109354
0 0.653656 0.741765 0.109684 0.129117
0 0.746542 0.880105 0.076087 0.060606
0 0.629447 0.926877 0.081028 0.075099
0 0.500000 0.797101 0.086957 0.223979
0 0.344368 0.874177 0.074111 0.083004
0 0.274704 0.864954 0.071146 0.101449
0 0.156621 0.805007 0.078063 0.081686
0 0.214921 0.691700 0.101779 0.097497
0 0.587945 0.072464 0.086957 0.110672
0 0.487154 0.056653 0.094862 0.113306
0 0.348320 0.202240 0.080040 0.133070
0 0.270257 0.108037 0.078063 0.110672
0 0.168478 0.162055 0.072134 0.073781
0 0.263340 0.279315 0.076087 0.126482
0 0.193182 0.260211 0.070158 0.104084
0 0.147233 0.301713 0.071146 0.057971