0 0.771422 0.282636 0.092045 0.094675
0 0.776682 0.487764 0.092045 0.126233
0 0.674118 0.496530 0.099934 0.115713
0 0.780627 0.702535 0.084155 0.106947
0 0.753013 0.874352 0.071006 0.071883
0 0.628096 0.933085 0.076266 0.070129
0 0.641245 0.754255 0.099934 0.147272
0 0.590839 0.077800 0.071006 0.127986
0 0.484988 0.057747 0.069691 0.115494
0 0.345606 0.219812 0.077581 0.106947
0 0.269998 0.113741 0.078895 0.105194
0 0.166119 0.164585 0.073636 0.073636
0 0.264081 0.262766 0.077581 0.122726
0 0.193732 0.261012 0.065746 0.101687
0 0.141135 0.297830 0.063116 0.059610
0 0.099715 0.614873 0.082840 0.106947
0 0.150340 0.803346 0.060487 0.084155
0 0.269998 0.860326 0.063116 0.092921
0 0.346921 0.874352 0.069691 0.082402