0 0.767787 0.235178 0.083004 0.106719
0 0.767787 0.486825 0.096838 0.127800
0 0.781126 0.699605 0.082016 0.110672
0 0.744071 0.884058 0.075099 0.055336
0 0.617589 0.952569 0.067194 0.086957
0 0.637352 0.731884 0.140316 0.156785
0 0.532115 0.859684 0.101779 0.280632
0 0.351779 0.893939 0.065217 0.096179
0 0.278656 0.866930 0.073123 0.102767
0 0.157609 0.803689 0.078063 0.079051
0 0.488636 0.054018 0.093874 0.108036
0 0.351779 0.198287 0.096838 0.125165
0 0.265810 0.249012 0.077075 0.086957
0 0.194170 0.264163 0.074111 0.093544
0 0.131917 0.283926 0.048419 0.064559
0 0.164526 0.160079 0.060277 0.077734
0 0.272233 0.102108 0.078063 0.106719