0 0.359684 0.194993 0.071146 0.131752
0 0.586462 0.075758 0.078063 0.125165
0 0.494071 0.055336 0.084980 0.110672
0 0.769269 0.274045 0.089921 0.084321
0 0.768281 0.494730 0.097826 0.111989
0 0.668972 0.478261 0.090909 0.158103
0 0.579051 0.679183 0.110672 0.214756
0 0.661067 0.745059 0.067194 0.138340
0 0.781126 0.698287 0.083992 0.108037
0 0.751976 0.871542 0.059289 0.077734
0 0.629447 0.927536 0.083004 0.081686
0 0.346344 0.882082 0.068182 0.077734
0 0.280138 0.866271 0.070158 0.098814
0 0.152668 0.807642 0.070158 0.079051
0 0.264328 0.268116 0.095850 0.098814
0 0.168972 0.165349 0.075099 0.075099
0 0.192688 0.268775 0.067194 0.094862
0 0.141798 0.301054 0.060277 0.059289