0 0.765810 0.272727 0.086957 0.084321
0 0.768775 0.492754 0.096838 0.115942
0 0.666008 0.499341 0.094862 0.110672
0 0.701581 0.138999 0.108696 0.164690
0 0.587451 0.075099 0.087945 0.105402
0 0.481719 0.058630 0.080040 0.117260
0 0.352273 0.198946 0.068182 0.139657
0 0.258893 0.274045 0.088933 0.100132
0 0.190711 0.277997 0.063241 0.092227
0 0.272233 0.109354 0.078063 0.115942
0 0.161561 0.166667 0.064229 0.083004
0 0.141304 0.287879 0.049407 0.061924
0 0.341403 0.874835 0.076087 0.071146
0 0.272233 0.862319 0.064229 0.093544
0 0.155138 0.812253 0.059289 0.080369
0 0.647727 0.746377 0.099802 0.146245
0 0.778656 0.699605 0.079051 0.105402
0 0.744071 0.883399 0.071146 0.064559
0 0.623024 0.947299 0.076087 0.105402