0 0.768775 0.274704 0.083004 0.088274
0 0.770257 0.500659 0.099802 0.086957
0 0.668478 0.499341 0.099802 0.110672
0 0.779150 0.702899 0.082016 0.106719
0 0.648221 0.749671 0.094862 0.147563
0 0.747036 0.881423 0.077075 0.055336
0 0.627470 0.953228 0.086957 0.093544
0 0.495059 0.846509 0.096838 0.249012
0 0.345356 0.877470 0.070158 0.081686
0 0.261858 0.835968 0.090909 0.054018
0 0.157115 0.808300 0.069170 0.077734
0 0.345356 0.200264 0.080040 0.134387
0 0.259881 0.270092 0.083004 0.102767
0 0.193676 0.274704 0.077075 0.090909
0 0.137846 0.288538 0.046443 0.060606
0 0.272727 0.102767 0.079051 0.108037
0 0.163538 0.162055 0.066206 0.081686
0 0.481225 0.054677 0.079051 0.109354
0 0.591403 0.073781 0.085968 0.121212