0 0.589921 0.724638 0.124506 0.218709
0 0.661067 0.747036 0.073123 0.142292
0 0.780138 0.702899 0.080040 0.111989
0 0.751482 0.878788 0.070158 0.065876
0 0.628458 0.930171 0.073123 0.076416
0 0.346838 0.875494 0.075099 0.083004
0 0.272727 0.864295 0.067194 0.094862
0 0.153162 0.805007 0.073123 0.079051
0 0.215415 0.682477 0.104743 0.110672
0 0.591897 0.079710 0.073123 0.133070
0 0.492589 0.061265 0.085968 0.122530
0 0.337945 0.208827 0.092885 0.125165
0 0.265316 0.118577 0.083992 0.092227
0 0.169466 0.164690 0.082016 0.081686
0 0.259387 0.281291 0.076087 0.117260
0 0.188735 0.269433 0.073123 0.080369
0 0.145257 0.298419 0.065217 0.051383
0 0.769763 0.274704 0.086957 0.088274
0 0.775198 0.485507 0.095850 0.125165
0 0.679348 0.480896 0.095850 0.160738