0 0.592391 0.407773 0.121542 0.156785
0 0.767787 0.271410 0.086957 0.086957
0 0.765316 0.484190 0.097826 0.117260
0 0.780138 0.704875 0.080040 0.110672
0 0.629447 0.734519 0.140316 0.175231
0 0.618577 0.949934 0.067194 0.100132
0 0.745059 0.882740 0.077075 0.068511
0 0.343874 0.878129 0.073123 0.075099
0 0.281126 0.864954 0.062253 0.101449
0 0.157115 0.808300 0.071146 0.085639
0 0.483202 0.050725 0.083004 0.101449
0 0.346344 0.201581 0.085968 0.123847
0 0.271739 0.106719 0.077075 0.110672
0 0.270257 0.235178 0.083992 0.096179
0 0.197134 0.266140 0.070158 0.076416
0 0.138340 0.277339 0.055336 0.054018
0 0.167490 0.158762 0.066206 0.083004