0 0.591403 0.077075 0.076087 0.117260
0 0.489130 0.050066 0.088933 0.100132
0 0.766304 0.271410 0.085968 0.076416
0 0.769763 0.499341 0.104743 0.089592
0 0.668972 0.501318 0.100791 0.104084
0 0.779644 0.703557 0.079051 0.108037
0 0.645257 0.748353 0.098814 0.144928
0 0.745059 0.878788 0.075099 0.068511
0 0.623024 0.954545 0.078063 0.090909
0 0.494565 0.847826 0.087945 0.256917
0 0.345850 0.206192 0.079051 0.130435
0 0.263834 0.266140 0.077075 0.094862
0 0.195158 0.264163 0.068182 0.098814
0 0.147233 0.283267 0.057312 0.055336
0 0.165020 0.156785 0.069170 0.065876
0 0.271245 0.106719 0.074111 0.118577
0 0.155632 0.806983 0.066206 0.085639
0 0.262352 0.841897 0.091897 0.057971
0 0.345850 0.881423 0.063241 0.076416