0 0.548419 0.091568 0.069170 0.183136
0 0.480731 0.050066 0.078063 0.100132
0 0.371542 0.187088 0.090909 0.163373
0 0.271245 0.104084 0.074111 0.102767
0 0.269269 0.256917 0.093874 0.079051
0 0.196640 0.268116 0.057312 0.077734
0 0.139328 0.281291 0.057312 0.061924
0 0.165514 0.153491 0.060277 0.077734
0 0.154644 0.806324 0.066206 0.081686
0 0.274209 0.868906 0.066206 0.098814
0 0.345356 0.879447 0.076087 0.075099
0 0.634881 0.734519 0.161067 0.167325
0 0.781621 0.700922 0.077075 0.108037
0 0.747530 0.880764 0.072134 0.075099
0 0.618577 0.949934 0.067194 0.100132
0 0.768281 0.488801 0.105731 0.108037
0 0.768775 0.268775 0.081028 0.086957