0 0.589921 0.071805 0.084980 0.122530
0 0.488636 0.054018 0.097826 0.108036
0 0.766798 0.276021 0.086957 0.085639
0 0.767787 0.484848 0.092885 0.121212
0 0.663538 0.496047 0.095850 0.098814
0 0.779150 0.702240 0.083992 0.108037
0 0.645257 0.747694 0.090909 0.140975
0 0.747530 0.876153 0.074111 0.068511
0 0.628953 0.928195 0.082016 0.072464
0 0.504447 0.832016 0.070158 0.256917
0 0.346344 0.876812 0.072134 0.080369
0 0.267787 0.861660 0.077075 0.086957
0 0.157609 0.809618 0.072134 0.075099
0 0.345356 0.202240 0.078063 0.138340
0 0.269763 0.106719 0.077075 0.110672
0 0.165020 0.158762 0.071146 0.075099
0 0.263340 0.276680 0.080040 0.121212
0 0.192688 0.261528 0.069170 0.096179
0 0.146245 0.280632 0.067194 0.050066