0 0.590909 0.072464 0.081028 0.113307
0 0.492095 0.052701 0.090909 0.105402
0 0.766798 0.266798 0.090909 0.072464
0 0.767787 0.487484 0.092885 0.115942
0 0.666996 0.498682 0.098814 0.106719
0 0.781621 0.702240 0.077075 0.110672
0 0.644269 0.747694 0.094862 0.146245
0 0.745553 0.876812 0.078063 0.069829
0 0.626482 0.953228 0.083004 0.093544
0 0.492589 0.849144 0.095850 0.254282
0 0.343874 0.877470 0.075099 0.073781
0 0.272233 0.857049 0.070158 0.085639
0 0.157609 0.808300 0.066206 0.088274
0 0.344368 0.202899 0.082016 0.134387
0 0.264328 0.272727 0.080040 0.110672
0 0.194170 0.258893 0.070158 0.106719
0 0.149704 0.287220 0.066206 0.057971
0 0.163043 0.157444 0.061265 0.069829
0 0.270751 0.102108 0.075099 0.106719