0 0.771422 0.283512 0.092045 0.099934
0 0.775367 0.487764 0.094675 0.133246
0 0.672803 0.496530 0.105194 0.115713
0 0.780627 0.703412 0.084155 0.115713
0 0.643217 0.752502 0.101249 0.136752
0 0.743809 0.882241 0.078895 0.066623
0 0.628096 0.926072 0.084155 0.073636
0 0.593908 0.071663 0.078895 0.115713
0 0.488714 0.056870 0.073636 0.113740
0 0.267368 0.115494 0.076266 0.115713
0 0.348893 0.218058 0.081525 0.117467
0 0.260793 0.261889 0.076266 0.124480
0 0.194390 0.257506 0.069691 0.098181
0 0.143765 0.299584 0.060487 0.056103
0 0.102345 0.644678 0.088100 0.092921
0 0.151655 0.806852 0.060487 0.084155
0 0.271313 0.858573 0.060487 0.092921
0 0.344948 0.874352 0.068376 0.078895
0 0.166776 0.165461 0.074951 0.078895