0 0.470356 0.113307 0.108696 0.226614
0 0.494071 0.043478 0.059289 0.086956
0 0.587451 0.069170 0.083992 0.114625
0 0.767292 0.276021 0.087945 0.088274
0 0.768775 0.490119 0.094862 0.108037
0 0.673913 0.478261 0.108696 0.147563
0 0.779644 0.699605 0.081028 0.108037
0 0.645257 0.752306 0.102767 0.147563
0 0.749506 0.876812 0.068182 0.067194
0 0.629447 0.928854 0.081028 0.076416
0 0.372036 0.181818 0.080040 0.171278
0 0.258893 0.279974 0.090909 0.130435
0 0.195652 0.154809 0.118577 0.101449
0 0.189229 0.264163 0.072134 0.088274
0 0.140810 0.299078 0.060277 0.055336
0 0.155632 0.800395 0.078063 0.075099
0 0.274209 0.862319 0.076087 0.093544
0 0.342391 0.872859 0.078063 0.077734