0 0.569170 0.254282 0.098814 0.252964
0 0.778162 0.276021 0.099802 0.075099
0 0.765810 0.500000 0.098814 0.096179
0 0.646245 0.743083 0.098814 0.139657
0 0.725296 0.671278 0.144269 0.133070
0 0.803360 0.635705 0.055336 0.061924
0 0.750000 0.885375 0.071146 0.071146
0 0.622530 0.948617 0.067194 0.102766
0 0.346344 0.889328 0.078063 0.102767
0 0.274704 0.864295 0.069170 0.097497
0 0.160079 0.801713 0.075099 0.077734
0 0.365613 0.191041 0.071146 0.155468
0 0.490119 0.049407 0.084980 0.098814
0 0.273221 0.106719 0.074111 0.108037
0 0.230237 0.146904 0.092885 0.093544
0 0.258893 0.274704 0.075099 0.119895
0 0.161561 0.161397 0.062253 0.069829
0 0.201581 0.271410 0.059289 0.094862
0 0.144763 0.279315 0.068182 0.068511