0 0.157609 0.807642 0.076087 0.079051
0 0.266798 0.860343 0.084980 0.089592
0 0.344862 0.874177 0.073123 0.075099
0 0.497530 0.828063 0.101779 0.259552
0 0.642787 0.750329 0.095850 0.146245
0 0.780632 0.702240 0.081028 0.108037
0 0.743083 0.879447 0.077075 0.064559
0 0.624506 0.951910 0.079051 0.096179
0 0.667984 0.494071 0.104743 0.110672
0 0.769763 0.486825 0.086957 0.111989
0 0.768775 0.249012 0.077075 0.092227
0 0.590909 0.072464 0.079051 0.115942
0 0.490119 0.058630 0.090909 0.117260
0 0.345850 0.200264 0.081028 0.129117
0 0.261364 0.272727 0.082016 0.110672
0 0.192194 0.264163 0.068182 0.098814
0 0.272233 0.104743 0.080040 0.106719
0 0.168478 0.160079 0.072134 0.075099
0 0.147727 0.290514 0.068182 0.056653