0 0.768376 0.277018 0.094017 0.082051
0 0.776068 0.484425 0.088889 0.123077
0 0.673504 0.495821 0.105983 0.118519
0 0.779487 0.698670 0.088889 0.109402
0 0.641026 0.749953 0.095726 0.148148
0 0.629060 0.924311 0.078632 0.082051
0 0.747009 0.877588 0.078632 0.070655
0 0.352137 0.890123 0.092308 0.104843
0 0.261538 0.843400 0.075214 0.075214
0 0.108547 0.616619 0.049573 0.068376
0 0.151282 0.809212 0.059829 0.079772
0 0.586895 0.076923 0.089415 0.105194
0 0.484988 0.056870 0.077581 0.113740
0 0.335087 0.222441 0.101249 0.084155
0 0.269340 0.107605 0.080210 0.099934
0 0.256849 0.259259 0.078895 0.115713
0 0.191102 0.254876 0.065746 0.089415
0 0.145080 0.294324 0.065746 0.052597
0 0.169801 0.163818 0.078632 0.077493