0 0.772080 0.273314 0.087749 0.094207
0 0.777778 0.481481 0.083191 0.121557
0 0.674644 0.491358 0.100285 0.116999
0 0.782906 0.699525 0.077493 0.101804
0 0.745869 0.871225 0.078632 0.077493
0 0.640456 0.753466 0.088889 0.148908
0 0.629630 0.928205 0.080912 0.075973
0 0.592972 0.068186 0.077493 0.106363
0 0.484710 0.053846 0.075214 0.107692
0 0.266477 0.111491 0.080912 0.101804
0 0.350237 0.221652 0.072934 0.106363
0 0.263628 0.258879 0.088889 0.113960
0 0.194682 0.258879 0.069516 0.092688
0 0.143400 0.293827 0.060399 0.062298
0 0.107502 0.598987 0.050142 0.054701
0 0.265337 0.837544 0.062678 0.075973
0 0.354796 0.886167 0.084330 0.097246
0 0.155366 0.800317 0.068376 0.083571
0 0.167236 0.164957 0.076923 0.079772