0 0.766798 0.274704 0.088933 0.085639
0 0.765810 0.484190 0.098814 0.122530
0 0.668478 0.496047 0.103755 0.106719
0 0.780632 0.702240 0.083004 0.113307
0 0.651186 0.744401 0.116601 0.137022
0 0.749012 0.869565 0.069170 0.073781
0 0.629447 0.926877 0.081028 0.080369
0 0.496542 0.827404 0.105731 0.289855
0 0.344862 0.876812 0.073123 0.080369
0 0.274209 0.866930 0.072134 0.097497
0 0.216897 0.679842 0.107708 0.121212
0 0.153656 0.809618 0.062253 0.075099
0 0.586957 0.082345 0.088933 0.135705
0 0.486660 0.055336 0.097826 0.110672
0 0.271739 0.111331 0.079051 0.119895
0 0.348320 0.199605 0.080040 0.133070
0 0.266304 0.278656 0.080040 0.125165
0 0.189723 0.263505 0.077075 0.097497
0 0.142787 0.299078 0.068182 0.055336
0 0.166502 0.159420 0.068182 0.076416