0 0.551877 0.940053 0.050395 0.119894
0 0.625988 0.936100 0.074111 0.061924
0 0.746047 0.886034 0.075099 0.051383
0 0.646739 0.752964 0.097826 0.135705
0 0.781621 0.699605 0.077075 0.100132
0 0.673913 0.480237 0.104743 0.151515
0 0.773715 0.486166 0.088933 0.126482
0 0.767787 0.278656 0.088933 0.093544
0 0.588933 0.068511 0.081028 0.113307
0 0.488636 0.049407 0.097826 0.098814
0 0.340415 0.218709 0.089921 0.100132
0 0.263834 0.117260 0.081028 0.084321
0 0.169466 0.167325 0.076087 0.079051
0 0.257905 0.274045 0.073123 0.115942
0 0.194170 0.268775 0.066206 0.089592
0 0.140810 0.297760 0.064229 0.057971
0 0.216897 0.687088 0.099802 0.093544
0 0.153656 0.803030 0.070158 0.080369
0 0.272233 0.860343 0.068182 0.092227
0 0.345850 0.876153 0.067194 0.084321