0 0.767292 0.273386 0.087945 0.083004
0 0.768775 0.489460 0.096838 0.114625
0 0.667984 0.499341 0.094862 0.113307
0 0.780138 0.696970 0.083992 0.102767
0 0.746047 0.877470 0.075099 0.063241
0 0.627964 0.951910 0.087945 0.096179
0 0.646245 0.745718 0.098814 0.142292
0 0.498518 0.845191 0.099802 0.249012
0 0.590415 0.072464 0.083992 0.115942
0 0.490613 0.054018 0.089921 0.108036
0 0.345356 0.202240 0.083992 0.138340
0 0.273221 0.102108 0.078063 0.109354
0 0.166502 0.157444 0.074111 0.075099
0 0.259387 0.272069 0.087945 0.101449
0 0.189229 0.272727 0.068182 0.084321
0 0.144269 0.283926 0.055336 0.061924
0 0.152668 0.803030 0.068182 0.085639
0 0.269269 0.839262 0.087945 0.060606
0 0.347826 0.878129 0.073123 0.083004