0 0.157609 0.804348 0.072134 0.083004
0 0.279644 0.867589 0.065217 0.111989
0 0.343874 0.877470 0.073123 0.079051
0 0.527668 0.917655 0.077075 0.164690
0 0.620553 0.949275 0.071146 0.101449
0 0.629941 0.732543 0.127470 0.166008
0 0.781126 0.701581 0.080040 0.119895
0 0.746047 0.876812 0.073123 0.067194
0 0.763834 0.498682 0.098814 0.104084
0 0.766798 0.270092 0.088933 0.084321
0 0.480731 0.054018 0.085968 0.108036
0 0.272233 0.110013 0.082016 0.111989
0 0.340909 0.215415 0.086957 0.111989
0 0.260870 0.274045 0.088933 0.110672
0 0.197134 0.277997 0.052372 0.094862
0 0.143775 0.281950 0.066206 0.065876
0 0.162055 0.162055 0.055336 0.073781
0 0.219368 0.650198 0.084980 0.054018