0 0.187322 0.247685 0.074786 0.094017
0 0.266382 0.250534 0.083333 0.116809
0 0.343305 0.219195 0.079060 0.116809
0 0.271724 0.110933 0.076923 0.096866
0 0.164352 0.162215 0.073718 0.071225
0 0.485933 0.062500 0.080128 0.122507
0 0.587963 0.072472 0.089744 0.119658
0 0.215100 0.679072 0.100427 0.118234
0 0.120014 0.597163 0.076923 0.068376
0 0.160078 0.802291 0.080128 0.088319
0 0.259971 0.840040 0.070513 0.069801
0 0.351318 0.881351 0.075855 0.089744
0 0.624644 0.929309 0.079060 0.075499
0 0.747507 0.876603 0.072650 0.069801
0 0.779558 0.702813 0.081197 0.115385
0 0.642806 0.749822 0.094017 0.132479
0 0.771546 0.486289 0.095085 0.121083
0 0.669516 0.491275 0.091880 0.113960
0 0.772614 0.273326 0.092949 0.094017
0 0.144539 0.299145 0.074074 0.060779