0 0.767292 0.229908 0.080040 0.111989
0 0.768281 0.482872 0.097826 0.111989
0 0.780138 0.701581 0.078063 0.111989
0 0.636858 0.732543 0.141304 0.168643
0 0.747036 0.883399 0.073123 0.059289
0 0.618083 0.951252 0.070158 0.092227
0 0.552372 0.918314 0.073123 0.163372
0 0.349308 0.898551 0.066206 0.110672
0 0.277668 0.859025 0.073123 0.086957
0 0.162055 0.798419 0.071146 0.089592
0 0.215909 0.653491 0.085968 0.063241
0 0.350791 0.199605 0.084980 0.130435
0 0.491107 0.051383 0.090909 0.102766
0 0.270751 0.105402 0.079051 0.108037
0 0.267787 0.253623 0.075099 0.075099
0 0.205040 0.252306 0.080040 0.080369
0 0.146245 0.288538 0.063241 0.073781
0 0.167490 0.158103 0.066206 0.073781