0 0.590415 0.073781 0.080040 0.118577
0 0.493083 0.063900 0.083004 0.127800
0 0.764822 0.274045 0.090909 0.089592
0 0.766798 0.483531 0.096838 0.121212
0 0.666008 0.498024 0.100791 0.108037
0 0.782115 0.700922 0.082016 0.113307
0 0.745059 0.878129 0.079051 0.056653
0 0.643775 0.749012 0.095850 0.143610
0 0.629447 0.926219 0.086957 0.079051
0 0.500494 0.816864 0.076087 0.237154
0 0.344368 0.874835 0.072134 0.079051
0 0.265810 0.862978 0.086957 0.086957
0 0.155632 0.810935 0.072134 0.075099
0 0.343874 0.202240 0.081028 0.127800
0 0.261858 0.278656 0.075099 0.119895
0 0.190711 0.262187 0.075099 0.100132
0 0.137846 0.306983 0.056324 0.047431
0 0.162055 0.158762 0.061265 0.072464
0 0.268281 0.101449 0.076087 0.105402