0 0.765810 0.264822 0.086957 0.084321
0 0.772233 0.488801 0.085968 0.118577
0 0.668478 0.498024 0.101779 0.108037
0 0.780632 0.699605 0.077075 0.102767
0 0.744565 0.881423 0.074111 0.063241
0 0.643281 0.750329 0.094862 0.146245
0 0.631423 0.953887 0.086957 0.092226
0 0.499012 0.813570 0.079051 0.225296
0 0.345356 0.876812 0.074111 0.083004
0 0.270751 0.864954 0.067194 0.101449
0 0.157115 0.807642 0.075099 0.081686
0 0.590415 0.073123 0.082016 0.117260
0 0.491601 0.053360 0.089921 0.106719
0 0.346838 0.204875 0.084980 0.133070
0 0.263834 0.278656 0.077075 0.117260
0 0.193676 0.262846 0.065217 0.101449
0 0.144269 0.293149 0.053360 0.059289
0 0.273715 0.104743 0.081028 0.109354
0 0.162549 0.161397 0.058300 0.075099