0 0.765316 0.271410 0.087945 0.076416
0 0.590415 0.071805 0.082016 0.114625
0 0.491107 0.051383 0.086957 0.102766
0 0.269763 0.101449 0.075099 0.102767
0 0.347332 0.204216 0.074111 0.123847
0 0.264822 0.269433 0.084980 0.096179
0 0.195158 0.258235 0.068182 0.086957
0 0.148221 0.277339 0.057312 0.054018
0 0.164526 0.158103 0.064229 0.076416
0 0.667490 0.496706 0.093874 0.105402
0 0.769763 0.498682 0.106719 0.085639
0 0.779644 0.704216 0.084980 0.114625
0 0.645257 0.749012 0.096838 0.140975
0 0.748518 0.876812 0.068182 0.067194
0 0.624012 0.954545 0.080040 0.090909
0 0.493083 0.847826 0.088933 0.256917
0 0.343379 0.879447 0.076087 0.080369
0 0.266798 0.849144 0.090909 0.064559
0 0.152174 0.806324 0.061265 0.084321