0 0.581522 0.339262 0.109684 0.230567
0 0.768281 0.273386 0.085968 0.083004
0 0.767292 0.488801 0.097826 0.118577
0 0.668972 0.492754 0.102767 0.102767
0 0.780138 0.700264 0.076087 0.104084
0 0.648221 0.749012 0.098814 0.140975
0 0.745553 0.878129 0.072134 0.069829
0 0.624506 0.949275 0.081028 0.101449
0 0.344862 0.878788 0.071146 0.079051
0 0.276186 0.861001 0.064229 0.093544
0 0.157115 0.808959 0.061265 0.086957
0 0.589921 0.071146 0.084980 0.115942
0 0.482708 0.052042 0.082016 0.104084
0 0.348320 0.201581 0.078063 0.134387
0 0.261858 0.272069 0.081028 0.101449
0 0.196146 0.280632 0.068182 0.089592
0 0.144269 0.289855 0.061265 0.060606
0 0.163043 0.165349 0.063241 0.075099
0 0.273221 0.106719 0.080040 0.113307