0 0.778999 0.702822 0.080586 0.115588
0 0.644689 0.754918 0.105006 0.148148
0 0.672772 0.478158 0.100122 0.161172
0 0.769231 0.281169 0.090354 0.099308
0 0.773504 0.477344 0.089133 0.113960
0 0.751526 0.873762 0.064713 0.079772
0 0.631868 0.927486 0.079365 0.083028
0 0.549451 0.913682 0.073260 0.172636
0 0.590354 0.074685 0.069597 0.113960
0 0.482295 0.057692 0.083028 0.115384
0 0.261701 0.120269 0.083028 0.084656
0 0.344119 0.210623 0.084249 0.112332
0 0.258038 0.277371 0.075702 0.138380
0 0.196378 0.258649 0.067155 0.087912
0 0.143875 0.297721 0.062271 0.061864
0 0.168295 0.161783 0.074481 0.076516
0 0.215914 0.679759 0.101343 0.112875
0 0.154864 0.804572 0.076923 0.071632
0 0.270859 0.858296 0.072039 0.087912
0 0.345340 0.877832 0.072039 0.081400