0 0.158597 0.805007 0.074111 0.086957
0 0.277174 0.871542 0.072134 0.104084
0 0.345850 0.878129 0.067194 0.080369
0 0.581522 0.657444 0.129447 0.231884
0 0.685277 0.741107 0.087945 0.156785
0 0.782115 0.704216 0.074111 0.119895
0 0.750494 0.881423 0.064229 0.060606
0 0.619071 0.949275 0.066206 0.101449
0 0.767292 0.271410 0.087945 0.086957
0 0.769269 0.482872 0.095850 0.109354
0 0.479743 0.050725 0.082016 0.101449
0 0.344862 0.202899 0.079051 0.131752
0 0.272727 0.106061 0.075099 0.106719
0 0.265316 0.258893 0.070158 0.125165
0 0.193182 0.254941 0.070158 0.101449
0 0.137846 0.277997 0.064229 0.052701
0 0.168972 0.160079 0.069170 0.075099
0 0.215909 0.640316 0.089921 0.068511