0 0.586895 0.070465 0.082051 0.107882
0 0.487179 0.052327 0.076353 0.104653
0 0.329345 0.233048 0.102564 0.083571
0 0.256410 0.264957 0.072934 0.110921
0 0.269516 0.108452 0.083191 0.110921
0 0.162773 0.163153 0.069516 0.068376
0 0.194682 0.254321 0.069516 0.089649
0 0.138841 0.288509 0.064957 0.057740
0 0.108642 0.622032 0.047863 0.074454
0 0.151377 0.803356 0.060399 0.080532
0 0.261918 0.839823 0.064957 0.071415
0 0.350807 0.882368 0.080912 0.083571
0 0.772737 0.272993 0.089415 0.092921
0 0.776682 0.485134 0.089415 0.131492
0 0.672146 0.495653 0.103879 0.117467
0 0.644532 0.744612 0.095989 0.134999
0 0.783914 0.701658 0.074951 0.105194
0 0.747096 0.876105 0.077581 0.071883
0 0.629410 0.922566 0.078895 0.084155