0 0.549901 0.202240 0.083992 0.277997
0 0.601285 0.079051 0.064229 0.131752
0 0.488636 0.061924 0.074111 0.123847
0 0.768281 0.276021 0.091897 0.088274
0 0.766798 0.496706 0.104743 0.102767
0 0.675395 0.480237 0.107708 0.146245
0 0.778656 0.702240 0.081028 0.108037
0 0.645257 0.750329 0.100791 0.148880
0 0.746542 0.872859 0.068182 0.072464
0 0.628953 0.926877 0.078063 0.080369
0 0.344862 0.876153 0.073123 0.079051
0 0.271739 0.859684 0.073123 0.085639
0 0.152668 0.803689 0.070158 0.065876
0 0.209980 0.707510 0.093874 0.050066
0 0.366601 0.185771 0.069170 0.163373
0 0.270257 0.124506 0.072134 0.109354
0 0.165020 0.162055 0.069170 0.073781
0 0.256917 0.276680 0.090909 0.123847
0 0.187747 0.268775 0.063241 0.084321
0 0.139822 0.303030 0.060277 0.060606