0 0.602767 0.570487 0.120553 0.110672
0 0.676877 0.478920 0.100791 0.154150
0 0.775692 0.498024 0.092885 0.102767
0 0.770257 0.276021 0.087945 0.085639
0 0.781126 0.699605 0.078063 0.102767
0 0.645751 0.755599 0.097826 0.146245
0 0.752964 0.872859 0.065217 0.075099
0 0.629447 0.924901 0.083004 0.081686
0 0.590415 0.073781 0.074111 0.121212
0 0.495059 0.057312 0.079051 0.114624
0 0.340909 0.207510 0.086957 0.130435
0 0.267292 0.121212 0.078063 0.097497
0 0.166996 0.164690 0.073123 0.079051
0 0.266304 0.281291 0.089921 0.125165
0 0.190711 0.267457 0.073123 0.081686
0 0.142292 0.300395 0.063241 0.057971
0 0.218874 0.691041 0.105731 0.101449
0 0.152174 0.800395 0.073123 0.075099
0 0.274209 0.863636 0.074111 0.106719
0 0.345850 0.877470 0.069170 0.084321