0 0.588439 0.071146 0.087945 0.118577
0 0.770751 0.275362 0.096838 0.097497
0 0.769763 0.496047 0.102767 0.104084
0 0.666996 0.500000 0.098814 0.104084
0 0.780138 0.699605 0.080040 0.108037
0 0.647233 0.750329 0.098814 0.151515
0 0.750494 0.878129 0.074111 0.067194
0 0.629447 0.928195 0.079051 0.080369
0 0.481225 0.855731 0.094862 0.251647
0 0.274209 0.868248 0.074111 0.105402
0 0.155138 0.801713 0.075099 0.077734
0 0.217391 0.682477 0.104743 0.118577
0 0.346344 0.204216 0.080040 0.131752
0 0.272727 0.113307 0.075099 0.118577
0 0.169466 0.166008 0.074111 0.079051
0 0.261858 0.265481 0.090909 0.096179
0 0.196640 0.259552 0.071146 0.105402
0 0.146245 0.302372 0.071146 0.059289