0 0.589427 0.069170 0.080040 0.106719
0 0.490119 0.052042 0.088933 0.104084
0 0.767292 0.263505 0.091897 0.073781
0 0.769269 0.502635 0.099802 0.093544
0 0.667490 0.498682 0.099802 0.104084
0 0.781621 0.700264 0.075099 0.106719
0 0.646245 0.750329 0.090909 0.140975
0 0.744071 0.878129 0.077075 0.061924
0 0.623518 0.953887 0.081028 0.092226
0 0.490613 0.845191 0.082016 0.251647
0 0.343874 0.205534 0.083004 0.137022
0 0.258399 0.273386 0.083992 0.098814
0 0.192688 0.263505 0.067194 0.100132
0 0.146245 0.280632 0.065217 0.052701
0 0.161067 0.158103 0.057312 0.068511
0 0.271739 0.103426 0.077075 0.104084
0 0.340909 0.874835 0.075099 0.071146
0 0.265316 0.857708 0.076087 0.081686
0 0.157609 0.804348 0.072134 0.085639