0 0.771673 0.281441 0.090354 0.104192
0 0.776557 0.483313 0.087912 0.123728
0 0.677656 0.483313 0.105006 0.162800
0 0.782662 0.703093 0.078144 0.120472
0 0.748474 0.885429 0.080586 0.061864
0 0.644689 0.752747 0.102564 0.144892
0 0.630647 0.924501 0.081807 0.081400
0 0.590761 0.079569 0.072039 0.130240
0 0.483923 0.064204 0.078144 0.128408
0 0.349613 0.203297 0.073260 0.130240
0 0.267806 0.121083 0.075702 0.102564
0 0.158527 0.159341 0.059829 0.065120
0 0.262922 0.258649 0.085470 0.117216
0 0.197599 0.258649 0.072039 0.104192
0 0.149980 0.292023 0.072039 0.050468
0 0.212251 0.703636 0.101343 0.065120
0 0.148759 0.800502 0.062271 0.076516
0 0.272690 0.863180 0.068376 0.097680
0 0.395401 0.822480 0.125763 0.218152