0 0.766798 0.277997 0.086957 0.092227
0 0.764822 0.484190 0.094862 0.125165
0 0.668478 0.495389 0.101779 0.115942
0 0.781126 0.704875 0.082016 0.115942
0 0.646245 0.741107 0.104743 0.133070
0 0.747036 0.880105 0.073123 0.063241
0 0.628458 0.928854 0.081028 0.076416
0 0.495553 0.806983 0.083992 0.233202
0 0.343874 0.874177 0.071146 0.077734
0 0.270751 0.862978 0.077075 0.094862
0 0.157609 0.807642 0.074111 0.071146
0 0.347332 0.203557 0.080040 0.130435
0 0.487648 0.059289 0.097826 0.118577
0 0.591897 0.071805 0.079051 0.119895
0 0.270257 0.108696 0.080040 0.117260
0 0.163538 0.159420 0.062253 0.071146
0 0.262352 0.278656 0.080040 0.122530
0 0.190711 0.262187 0.079051 0.100132
0 0.144269 0.274704 0.069170 0.046113