0 0.767787 0.270751 0.086957 0.093544
0 0.771245 0.484848 0.095850 0.110672
0 0.578063 0.574440 0.124506 0.110672
0 0.626482 0.741765 0.126482 0.181818
0 0.778162 0.703557 0.076087 0.113307
0 0.748518 0.876153 0.068182 0.068511
0 0.625988 0.951910 0.082016 0.096179
0 0.344862 0.204875 0.081028 0.127800
0 0.481719 0.055336 0.080040 0.110672
0 0.258893 0.277339 0.098814 0.106719
0 0.195652 0.274704 0.049407 0.088274
0 0.143775 0.277339 0.056324 0.051383
0 0.166996 0.160079 0.065217 0.075099
0 0.272233 0.104084 0.076087 0.108037
0 0.214427 0.653491 0.092885 0.047431
0 0.154150 0.805007 0.067194 0.086957
0 0.271739 0.869565 0.073123 0.108037
0 0.345850 0.872859 0.069170 0.090909