0 0.491601 0.056653 0.082016 0.113306
0 0.366601 0.191700 0.065217 0.151515
0 0.271739 0.110013 0.075099 0.114625
0 0.267787 0.273386 0.094862 0.114625
0 0.197628 0.261528 0.063241 0.083004
0 0.172431 0.174572 0.078063 0.085639
0 0.141798 0.287220 0.060277 0.063241
0 0.768775 0.265481 0.096838 0.077734
0 0.762846 0.498024 0.098814 0.089592
0 0.584980 0.467721 0.116601 0.166008
0 0.702569 0.646245 0.148221 0.125165
0 0.649704 0.749671 0.099802 0.129117
0 0.747036 0.880764 0.075099 0.080369
0 0.621542 0.948617 0.069170 0.102766
0 0.346344 0.893939 0.072134 0.093544
0 0.276680 0.865613 0.075099 0.100132
0 0.160079 0.805007 0.079051 0.079051