0 0.734684 0.155468 0.109684 0.168643
0 0.551877 0.111989 0.070158 0.223978
0 0.484684 0.047431 0.068182 0.094862
0 0.365613 0.190382 0.067194 0.156785
0 0.317194 0.107378 0.059289 0.146245
0 0.261858 0.108696 0.061265 0.111989
0 0.163043 0.156126 0.061265 0.080369
0 0.262846 0.252964 0.088933 0.084321
0 0.201087 0.268116 0.052372 0.090909
0 0.146245 0.281950 0.065217 0.071146
0 0.156126 0.805007 0.069170 0.086957
0 0.271739 0.866930 0.073123 0.105402
0 0.347332 0.893939 0.068182 0.090909
0 0.621542 0.947958 0.063241 0.104084
0 0.748518 0.879447 0.074111 0.075099
0 0.794960 0.648880 0.064229 0.085639
0 0.720850 0.681818 0.141304 0.138340
0 0.648221 0.745059 0.090909 0.140975
0 0.764822 0.502635 0.096838 0.088274