0 0.591403 0.069829 0.078063 0.118577
0 0.487648 0.051383 0.093874 0.102766
0 0.766304 0.272069 0.087945 0.077734
0 0.768775 0.494730 0.106719 0.106719
0 0.666996 0.496706 0.100791 0.108037
0 0.779150 0.704875 0.085968 0.113307
0 0.646739 0.747694 0.105731 0.143610
0 0.750000 0.876812 0.071146 0.069829
0 0.625494 0.953887 0.083004 0.092226
0 0.491601 0.843215 0.097826 0.250329
0 0.345356 0.876153 0.072134 0.076416
0 0.266798 0.835968 0.081028 0.061924
0 0.158103 0.803030 0.069170 0.085639
0 0.345356 0.201581 0.083992 0.131752
0 0.272233 0.106061 0.078063 0.117260
0 0.165514 0.158103 0.062253 0.068511
0 0.259387 0.271410 0.080040 0.102767
0 0.196640 0.266798 0.065217 0.093544
0 0.144269 0.283926 0.059289 0.056653