0 0.769269 0.274045 0.091897 0.092227
0 0.768775 0.485507 0.088933 0.125165
0 0.667984 0.496047 0.104743 0.111989
0 0.782115 0.699605 0.082016 0.108037
0 0.749012 0.874835 0.071146 0.073781
0 0.655138 0.742424 0.110672 0.133070
0 0.628953 0.926219 0.082016 0.076416
0 0.479249 0.798419 0.104743 0.231884
0 0.588933 0.081686 0.084980 0.129117
0 0.485178 0.054677 0.098814 0.109354
0 0.271245 0.104743 0.078063 0.111989
0 0.348320 0.201581 0.074111 0.137022
0 0.262846 0.277997 0.079051 0.121212
0 0.191206 0.258893 0.074111 0.098814
0 0.146739 0.299736 0.072134 0.056653
0 0.165514 0.156126 0.064229 0.069829
0 0.216403 0.685112 0.104743 0.110672
0 0.153162 0.803030 0.069170 0.085639
0 0.276186 0.866930 0.070158 0.105402
0 0.344862 0.876153 0.073123 0.079051