0 0.590909 0.071805 0.081028 0.119895
0 0.767787 0.275362 0.086957 0.086957
0 0.766798 0.485507 0.100791 0.122530
0 0.668478 0.500000 0.101779 0.111989
0 0.779150 0.700264 0.082016 0.104084
0 0.647233 0.747036 0.098814 0.139657
0 0.747530 0.881423 0.074111 0.057971
0 0.622530 0.949275 0.081028 0.101449
0 0.498024 0.843215 0.104743 0.252964
0 0.346344 0.875494 0.068182 0.083004
0 0.266798 0.837286 0.084980 0.056653
0 0.154644 0.801713 0.068182 0.080369
0 0.488142 0.052042 0.096838 0.104084
0 0.271245 0.107378 0.080040 0.114625
0 0.350296 0.199605 0.076087 0.135705
0 0.256423 0.272069 0.087945 0.090909
0 0.191700 0.275362 0.069170 0.079051
0 0.139328 0.285244 0.049407 0.054018
0 0.166996 0.158103 0.073123 0.071146