0 0.769269 0.276680 0.089921 0.092227
0 0.769269 0.488142 0.095850 0.111989
0 0.671937 0.477602 0.106719 0.151515
0 0.779150 0.706192 0.085968 0.118577
0 0.646739 0.753623 0.097826 0.150198
0 0.540020 0.907115 0.085968 0.185770
0 0.628458 0.926877 0.075099 0.077734
0 0.746542 0.883399 0.076087 0.056653
0 0.588933 0.072464 0.086957 0.113307
0 0.490613 0.058630 0.089921 0.117260
0 0.359190 0.193676 0.078063 0.150198
0 0.259881 0.276021 0.086957 0.127800
0 0.191206 0.268775 0.064229 0.086957
0 0.146245 0.299078 0.069170 0.052701
0 0.162055 0.163373 0.059289 0.068511
0 0.152668 0.805007 0.072134 0.073781
0 0.275692 0.866930 0.077075 0.102767
0 0.346344 0.874835 0.070158 0.079051