0 0.752470 0.163373 0.091897 0.160738
0 0.766798 0.500000 0.106719 0.093544
0 0.790020 0.652174 0.068182 0.079051
0 0.720356 0.684453 0.136364 0.143610
0 0.648221 0.739130 0.092885 0.131752
0 0.620059 0.949275 0.066206 0.101449
0 0.750494 0.876812 0.078063 0.077734
0 0.349802 0.893281 0.069170 0.100132
0 0.276186 0.868248 0.074111 0.100132
0 0.157115 0.807642 0.071146 0.086957
0 0.545455 0.106061 0.055336 0.212121
0 0.486166 0.053360 0.065217 0.106719
0 0.367589 0.187088 0.075099 0.166008
0 0.317194 0.099473 0.045455 0.135705
0 0.261858 0.103426 0.059289 0.106719
0 0.159091 0.155468 0.053360 0.071146
0 0.266304 0.254282 0.089921 0.076416
0 0.200593 0.265481 0.053360 0.096179
0 0.149209 0.282609 0.061265 0.064559