0 0.768281 0.230567 0.083992 0.123847
0 0.770751 0.483531 0.100791 0.118577
0 0.622530 0.719368 0.138340 0.163373
0 0.781621 0.678524 0.084980 0.123847
0 0.744071 0.887352 0.067194 0.075099
0 0.624506 0.947958 0.071146 0.104084
0 0.542984 0.915020 0.085968 0.169960
0 0.346344 0.893939 0.072134 0.093544
0 0.273715 0.861001 0.073123 0.085639
0 0.158597 0.800395 0.080040 0.083004
0 0.353261 0.200264 0.083992 0.147563
0 0.481225 0.058630 0.088933 0.117260
0 0.272233 0.108696 0.076087 0.104084
0 0.264328 0.254282 0.093874 0.079051
0 0.169960 0.162714 0.075099 0.069829
0 0.194170 0.266798 0.066206 0.096179
0 0.143281 0.287879 0.047431 0.061924